0 5.31815e-31
1.28907e+41 1.26832e+41
-1.40819e+76 2.11444e+76
8.73508e+112 6.95829e+112
1.93972e+40 -4.35599e+40
-2.24895e+148 -3.31408e+148
-1.05122e+76 8.88986e+76
-5.27278e+112 2.29485e+111
-7.94828e+40 1.09623e+41
3.08644e+148 5.98317e+147
-4.7724e+76 1.02343e+77
-1.27424e+185 2.53685e+184
4.29707e+75 3.60815e+76
2.08281e+112 -1.96727e+111
5.12056e+147 5.71858e+148
5.85783e+184 -4.07802e+184
-225377 -18682.1
8.74805e+112 3.86697e+112
7.14401e+76 -4.55995e+76
7.46751e+112 2.38074e+112
-1.26145e+113 7.50928e+112
-2.14155e+111 4.93227e+111
-2.64639e+40 -4.75851e+40
-1.11015e+185 1.3454e+184
2.54461e+76 2.12253e+77
-8.87418e+75 -7.90872e+76
5.49992e+146 -5.00317e+148
-4.68323e+112 -2.85227e+112
3.28209e+76 -9.53865e+76
1.42954e+112 6.2908e+111
5.64454e+39 -4.64395e+40
1.05615e+148 -6.32373e+147
5.25474e+38 4.69547e+40
-1.40994e+41 -1.55813e+41
1.11766e+77 3.28374e+76
4.97829e+112 7.14741e+112
2.52272e+40 -1.91682e+41
-1.19735e+113 5.91921e+111
-4.72827e+112 2.34521e+113
-9.74044e+146 -1.34029e+149
8212.09 -9477.88
-2.60473e+112 -3.58751e+112
-3.91916e+76 -1.26368e+76
1.54122e+77 -1.32667e+77
3.29689e+147 2.76832e+148
2.49473e+148 5.32477e+148
3.80092e+148 2.26964e+148
3.95874e+147 -3.01099e+148
-4.60585e+40 7.96281e+40
-8.38141e+76 -3.73555e+76
7.17236e+112 -1.59322e+112
-7.99617e+111 -9.73589e+112
1.28548e+41 -6.00173e+40
-3.88868e+183 1.37778e+183
-4.56113e+112 8.25777e+112
6.0058e+184 -2.21504e+184
6.13987e+76 -1.57274e+77
1.78128e+112 -4.81221e+112
7.83345e+40 2.68935e+40
2.82638e+184 6.56095e+184
4.87538e+112 -3.7572e+112
4.41708e+76 3.75059e+76
2.90194e+112 -2.11221e+112
-4.49419e+112 7.43859e+111
0 2.91472e-31
-2.54187e+148 1.85014e+148
-2.50694e+76 4.11269e+75
-1.57182e+112 2.40338e+112
-5.9634e+76 -1.06948e+77
1.14196e+77 5.94291e+76
1.13011e+77 1.16133e+77
-8.62395e+148 7.49354e+148
-3.8897e+40 -1.48585e+41
1.15351e+77 5.52697e+76
4.42201e+148 -2.90762e+148
7.84611e+76 5.75138e+76
4.03499e+76 -1.9297e+76
4.42785e+184 -4.56196e+182
1.414e+148 2.84977e+148
1.97531e+148 -4.04161e+148
6.06111e+75 8.87384e+76
3.52365e+112 6.83071e+111
5.99761e+74 -4.25052e+76
-5.82093e+147 4.49349e+148
2.76227e+40 3.07315e+40
5.1905e+112 -3.25651e+112
-7.95122e+110 -1.93172e+113
-8.07005e+184 2.08012e+184
-4.59849e+76 -1.56528e+76
1.78128e+112 -4.81221e+112
9.23849e+40 -2.43776e+40
-4.30325e+112 -9.07166e+112
1.23417e+113 7.58122e+112
-7.28252e+111 1.38166e+112
9.3987e+110 -3.05201e+112
1.11409e+184 4.55594e+184
7899.89 -121245
-3.04116e+40 9.28146e+39
1.36742e+76 -9.62625e+76
7.7743e+112 7.55906e+112
7.32403e+76 -3.7191e+76
2.95062e+148 -7.19132e+148
-6.42504e+112 -8.84379e+112
2.57952e+112 -6.83076e+112
-2.51536e+76 -1.07999e+77
5.95708e+112 9.42794e+112
4.33022e+76 -3.26657e+76
3.7865e+148 1.02639e+149
1.08263e+112 5.56542e+111
-4.95372e+40 -7.04575e+40
1.86947e+184 -4.63908e+184
-6.58828e+112 -5.2036e+111
119800 3856.52
-3.79337e+147 3.12093e+148
-4.18643e+76 -5.48215e+76
-4.24652e+148 -3.22587e+148
-1.18771e+113 9.4112e+111
6.08857e+112 4.8879e+112
-1.34149e+112 -4.87241e+112
-1.16301e+185 4.47255e+184
-6.37069e+76 1.674e+77
-4.6618e+112 -3.8056e+112
4.76998e+112 -1.25882e+110
3.24935e+148 -1.51003e+147
30144.1 40025.7
-5.29782e+112 -1.08281e+113
4.94418e+75 -4.06774e+76
-2.99222e+112 9.61703e+111
0 -3487
2.90194e+112 -2.11221e+112
-2.84043e+40 1.29922e+41
-1.14353e+147 1.15591e+149
-6.80813e+40 -1.22098e+41
-1.36696e+77 6.75768e+75
-2.49354e+112 -8.99621e+112
8.7202e+112 8.68282e+111
-1.04935e+41 -3.37801e+39
-2.70349e+184 -5.2408e+183
-5.0484e+112 3.31949e+112
-2.14312e+76 4.28427e+76
-3.7639e+111 -3.16046e+112
-5.05507e+148 5.20818e+146
2.69047e+112 2.65512e+111
-5.13101e+220 3.57203e+220
-6.91969e+39 -1.01309e+41
2.4108e+76 1.3946e+76
-6.2576e+112 3.99416e+112
1.39352e+113 -8.64531e+112
-1.86457e+41 6.30967e+40
1.87583e+147 -4.32029e+147
-9.43184e+76 1.00314e+77
3.11097e+148 4.07853e+148
9.77829e+111 -3.84505e+112
-2.03361e+76 5.49387e+76
2.58688e+112 3.98514e+112
4.10215e+148 2.49837e+148
-6.15234e+76 -1.15242e+76
-6.41423e+76 -2.61645e+76
4.94418e+75 -4.06774e+76
2.06366e+148 -8.20666e+147
137419 9707.62
-8.45886e+75 -7.59238e+76
-4.99629e+40 1.92506e+41
-2.15932e+77 -8.26056e+75
5.70408e+76 -6.38967e+76
1.04091e+113 1.5765e+113
-6.81704e+112 7.24207e+112
-3.10666e+184 -7.17181e+184
-1.30788e+40 -6.89067e+40
1.16818e+41 -9.73405e+40
3.62438e+112 -4.51603e+112
-3.76583e+112 5.46336e+112
-3.64609e+112 -1.43339e+112
2.18519e+184 4.66408e+184
2.13428e+148 -5.29622e+148
-1.20575e+112 7.2195e+111
-4.03437e+76 6.9748e+76
4.33072e+111 -3.56302e+112
9.82684e+40 -2.07225e+40
-2.1974e+148 5.68195e+148
-6.39291e+76 -1.6931e+76
-2.52498e+148 -4.73618e+148
5.12359e+148 -1.88145e+148
9.77347e+146 -4.20526e+148
-7151.66 -52935.8
-1.56027e+148 4.21512e+148
-5.44566e+76 1.43713e+74
-5.05477e+148 1.29367e+149
-4.32999e+148 1.16708e+149
4.68209e+76 4.69988e+76
-16684.4 125410
-2.12623e+148 -1.01699e+148
-599.909 54724
2.90111e+76 -6.88291e+75
2.19588e+112 -3.6024e+111
1.4765e+77 1.81775e+76
-8.3615e+40 4.24592e+40
-2.96308e+112 5.79722e+112
-4.89374e+75 -1.11547e+77
4.61855e+148 -2.01011e+147
-4.55229e+76 1.01035e+77
1.3265e+77 6.51125e+76
-2.723e+76 -2.34009e+75
1.22561e+113 -4.21587e+112
-3.7639e+111 -3.16046e+112
1.36982e+148 1.21723e+148
-1.23855e+184 -2.49618e+184
4.51951e+111 -3.4375e+112
1.27437e+41 1.53877e+41
3.08644e+148 5.98317e+147
8.18835e+76 -1.8189e+76
-1.98334e+112 -1.40818e+113
-1.62377e+77 -2.17962e+77
4.43953e+147 -1.57295e+147
-1.52483e+76 2.23875e+76
5.96667e+220 2.71457e+219
-7.53664e+40 2.02674e+41
6.80687e+76 -9.3175e+75
-7.03736e+76 -1.07625e+77
-3.22675e+148 -7.49033e+148
2.87486e+112 -8.35512e+112
6.37892e+147 -1.21022e+148
3.31301e+76 -2.41142e+76
-3.15563e+40 -1.90737e+40
-6.91969e+39 1.06201e+41
-8.99841e+76 -1.25502e+77
-3.50348e+40 -3.35831e+40
-6.80968e+148 -6.62115e+148
-7.9518e+76 1.43969e+76
-1.31699e+76 -1.88767e+76
7.6952e+148 -9.76115e+148
1.41104e+149 -4.26456e+148
1.03615e+41 3.12381e+40
2.67796e+148 -6.40483e+148
-8.78897e+112 -1.02587e+112
-5.17591e+112 2.20832e+111
9.483e+147 4.87488e+147
-1.63204e+76 -7.18191e+75
1.07301e+75 -3.48434e+76
2.91976e+147 -9.03658e+146
-85567.7 175349
7.34146e+112 3.27205e+112
3.66699e+112 4.80194e+112
-5.67416e+148 2.00623e+149
-4.45054e+76 -1.16022e+77
4.04049e+148 4.60526e+147
-5.8459e+111 -6.52864e+112
-1.83827e+112 -4.79546e+112
5.58023e+112 -1.4663e+113
-2.56753e+112 -3.78353e+112
9.4153e+75 -5.7164e+75
2.84618e+184 -1.32267e+183
1.60767e+40 -2.41396e+40
2.86346e+76 1.59666e+76
-4.33072e+111 3.56302e+112
4.25884e+148 2.76172e+147
1.58013e+184 7.81832e+182
6.55592e+147 2.6738e+148
-3.0314e+148 -1.82715e+147
2.65527e+184 1.60044e+183
-1.16283e+148 4.03942e+147
2.65527e+184 1.60044e+183
-2.32581e+220 -1.40186e+219
9.53239e+183 5.03953e+183
-1.32194e+184 2.01678e+184
-1.15792e+220 1.76654e+220
-2.65315e+76 -4.28435e+76
-2.22292e+76 -2.5963e+76
-3.39053e+112 4.52682e+112
-2.32396e+112 -3.75276e+112
6.97721e+111 -2.25092e+111
-5.24207e+148 -1.87814e+148
7.26453e+40 6.70887e+39
9.00457e+76 -4.73782e+76
-7.88731e+112 4.14997e+112
-8.85492e+76 -4.09394e+76
-8.41318e+112 -2.94114e+112
7.36929e+148 2.57621e+148
-4.12361e+112 7.48425e+112
-9.71898e+76 -8.41032e+76
-6.51876e+110 1.27109e+113
5.79125e+76 2.25737e+76
3.80037e+112 5.97049e+112
-3.32883e+148 -5.22968e+148
2.01167e+112 5.05915e+112
8.98424e+112 3.04493e+112
7.8695e+148 2.66712e+148
-3.19152e+76 -8.78662e+76
-1.13296e+112 -5.44839e+112
9.92385e+147 4.77237e+148
3.73578e+112 -2.3818e+111
-4.83044e+148 6.53623e+147
4.23109e+184 -5.72523e+183
-1.07134e+111 1.05332e+112
-1.09347e+113 1.18545e+113
4.10729e+148 -2.48088e+149
2.38308e+112 6.16008e+112
1.24591e+149 -7.49408e+148
-4.88258e+184 7.52201e+184
-5.52944e+148 1.70199e+148
3.28895e+40 -1.02099e+41
1.95406e+75 2.37806e+76
3.05714e+39 4.92817e+40
2.14464e+75 1.45524e+77
-1.87854e+111 -1.27468e+113
-1.84224e+76 1.61463e+76
-1.51432e+76 6.62244e+76
-6.94566e+112 8.90719e+112
-2.41432e+76 -2.88395e+76
-2.44091e+76 2.99032e+76
1.77464e+113 -5.08201e+112
1.93858e+111 2.25978e+112
-9.13953e+112 8.62524e+112
-7.95227e+148 6.60646e+146
-2.43269e+40 5.24861e+40
1.03786e+77 1.45414e+77
6.36198e+112 -9.23569e+112
2.4796e+76 -1.67681e+77
7.31362e+112 1.14797e+113
1.35288e+149 1.82098e+149
3.86052e+111 1.01789e+113
-1.05197e+113 -7.03798e+112
9.21446e+148 6.16472e+148
2.11349e+112 -1.17907e+113
-3.86534e+148 -5.38336e+146
3.38574e+184 4.7154e+182
-1.19105e+148 4.35545e+148
6.28453e+148 -1.27898e+149
5.50476e+184 -1.12029e+185
-6.86785e+76 -4.83807e+76
6.49782e+76 -5.42434e+76
5.72428e+112 1.18198e+113
1.37244e+112 -9.7369e+112
-2.40998e+113 5.23055e+112
-1.02115e+149 -8.43918e+148
1.38457e+77 7.25748e+76
-3.90735e+112 -1.23199e+113
1.04492e+149 1.69978e+148
-7.22367e+112 1.47719e+113
1.05875e+149 6.24677e+148
-1.54287e+185 2.49177e+184
4.76793e+148 1.86295e+148
-5.2002e+112 -6.8136e+112
1.42563e+149 -6.94983e+147
3.27448e+112 3.35924e+112
6.78195e+147 2.8521e+148
-5.94046e+183 -2.49822e+184
1.97319e+147 -4.10433e+148
-1.80237e+148 1.32042e+148
-1.57874e+184 1.15659e+184
3.24039e+148 2.55416e+146
4.18156e+148 1.90426e+148
-6.27046e+184 -7.28701e+182
-2.83833e+184 -2.23725e+182
-3.35974e+184 -1.73856e+184
5.52227e+220 2.24142e+220
6.08792e+148 -6.13146e+148
-2.40095e+148 -6.23552e+148
-1.7126e+184 -8.41761e+183
-1.51734e+112 -6.14625e+112
-3.50899e+183 -4.86946e+184
-3.03485e+220 -1.25619e+220
5.46392e+148 -9.46395e+147
-8.52283e+111 2.53954e+112
7.46534e+147 -2.22444e+148
1.4059e+112 1.24097e+112
7.46534e+147 -2.22444e+148
-6.53906e+183 1.94843e+184
-4.42942e+146 -1.64198e+148
9.68567e+147 5.31475e+147
8.4839e+183 4.65531e+183
1.0065e+112 -4.21494e+112
7.76955e+111 3.46805e+112
-2.17362e+148 1.41113e+148
8.81615e+147 -3.69196e+148
3.04818e+148 -2.33655e+148
1.07255e+184 3.46782e+183
-2.64928e+110 1.26102e+112
-7.46534e+147 2.22444e+148
6.53906e+183 -1.94843e+184
9.84182e+147 1.31508e+148
1.87126e+184 -8.49926e+183
-1.63908e+220 7.4447e+219
1.20979e+184 -7.78753e+183
-3.35571e+148 1.04911e+148
1.49598e+184 3.70492e+183
3.30206e+148 -1.87196e+148
-2.21766e+184 2.74224e+183
1.9425e+220 -2.40199e+219
3.17142e+184 9.98188e+183
-6.62004e+148 -1.75892e+148
-5.79864e+184 -1.54068e+184
1.58714e+76 1.32165e+76
-1.39329e+112 -1.24246e+112
1.22041e+148 1.0883e+148
-1.18407e+113 -5.27389e+112
-1.1716e+148 1.14069e+148
1.02623e+184 -9.99153e+183
3.19322e+112 1.17445e+113
-2.90172e+112 -7.94857e+112
4.51389e+148 1.19862e+148
6.8447e+112 8.63889e+111
1.82571e+149 2.38946e+148
-1.0402e+185 1.50201e+185
-1.1773e+148 5.9272e+148
3.28736e+112 -1.41712e+112
7.75477e+148 -4.03633e+148
1.62653e+112 1.44859e+112
-6.2907e+147 -1.0307e+148
5.51017e+183 9.0281e+183
8.35867e+147 -4.08492e+148
9.15946e+148 -5.71161e+148
-1.27305e+181 -1.01994e+185
2.26476e+147 -8.49704e+148
3.09462e+148 7.44925e+148
2.41792e+184 7.5786e+184
-3.03732e+184 2.86502e+184
-2.46886e+184 -6.09042e+184
1.19882e+220 -4.75296e+220
-4.24507e+112 -2.40585e+112
3.19536e+76 -1.23908e+77
-1.73901e+113 -6.23059e+112
7.65918e+76 -5.99232e+76
8.015e+112 9.26486e+112
-6.06096e+148 -3.80737e+148
9.85757e+112 9.73871e+112
-1.43212e+112 8.44915e+112
1.25442e+148 -7.4008e+148
1.31185e+113 -1.00715e+113
-8.38004e+148 -3.89924e+148
7.34027e+184 3.41544e+184
2.67282e+148 8.20983e+148
-7.35767e+148 -1.23112e+149
-6.44475e+184 -1.07836e+185
1.47799e+112 2.98222e+112
4.5598e+112 -7.12602e+112
-4.85859e+148 -3.63312e+148
-1.2946e+148 -2.6122e+148
8.12056e+148 -2.69466e+148
1.0567e+185 1.38473e+185
-7.46066e+112 4.55738e+112
3.84303e+148 1.00637e+149
-5.02484e+183 -2.64051e+184
-1.34737e+148 -4.24828e+148
-2.2769e+184 -1.10079e+185
-5.14001e+219 4.23367e+220
-3.77386e+184 6.00462e+184
4.74059e+148 -5.50233e+148
6.53455e+184 -1.1587e+185
-5.08092e+112 -2.59692e+111
-1.19108e+184 3.38369e+184
1.04329e+220 -2.96385e+220
2.74477e+148 2.88063e+148
-1.42441e+149 -8.70157e+148
-1.24767e+185 -7.6219e+184
-8.06418e+147 6.11582e+148
1.59923e+147 -1.11818e+148
7.84463e+184 4.24462e+184
7.0636e+183 -5.35699e+184
-3.39531e+184 -6.06037e+183
2.98364e+219 -6.53574e+220
1.72591e+148 -9.15189e+147
2.57962e+148 -5.83876e+148
-3.39234e+184 2.03558e+184
4.10948e+148 -3.10263e+148
-2.00555e+184 2.35115e+184
-3.62485e+220 -2.85504e+220
-2.45726e+184 -3.78214e+184
3.43075e+183 -6.36474e+184
-3.00507e+219 5.57502e+220
-2.89902e+183 -2.08152e+184
-3.00507e+219 5.57502e+220
2.63221e+255 -4.88329e+256
-1.16077e+220 1.42875e+220
-7.05911e+219 5.47967e+220
-6.18324e+255 4.79976e+256
2.24986e+183 -2.27166e+184
1.81868e+183 -1.62797e+184
3.00529e+220 8.70156e+220
1.9707e+219 -1.9898e+220
3.56877e+220 2.57499e+220
-5.89858e+256 4.11705e+256
1.80981e+112 1.18096e+112
-9.76039e+146 -9.65641e+147
8.54935e+182 8.45826e+183
2.09892e+148 -2.66669e+147
-5.6052e+183 6.39179e+183
4.90972e+219 -5.59871e+219
-1.03447e+183 -1.85038e+184
6.87966e+147 5.37888e+148
