0
0
94
0
0
0
-20464
1540
-12697
1540
-12696
1540
-11344
1399
0
174
-15800
30789
-16620
88
-2298
30477
2820
30482
11888
2567
0
174
-15800
30789
1
0
-26276
30473
1
0
-16548
88
100
0
39
23
-7448
1559
0
0
23
0
0
0
7424
2567
11887
2567
11888
2567
-7464
1559
0
174
0
0
-16532
88
-2298
30477
0
0
0
0
0
0
1025
0
14152
178
0
0
-16508
88
-8169
31528
0
174
1025
0
14152
178
-15800
30789
-16488
88
-19887
31528
-16488
88
-3899
31528
15984
31542
-16424
88
-9724
31528
0
0
-9733
31528
921
2417
1025
0
14152
178
-15800
30789
1
0
1
0
-12664
1540
11932
2567
-13932
88
4736
31541
-28927
29212
-2
-1
-16408
88
-16562
31214
11920
2567
-1
-1
-16396
88
-17268
31214
11920
2567
-16376
88
-3851
31166
11920
2567
144
0
11920
2567
-16352
88
-2734
31166
1
0
11920
2567
11920
2567
11920
2567
-16332
88
-5526
31166
11920
2567
11920
2567
-16224
88
-16312
88
32450
31165
12024
2567
12024
2567
-16224
88
-16300
88
15248
30974
-16224
88
-16208
88
-19769
31004
1
0
2
0
8453
1
0
0
0
0
0
0
90
0
30
0
-30128
181
28912
180
0
0
-2584
183
0
0
-13848
1520
0
0
20
0
20
0
11920
2567
-2584
183
12944
180
-2584
183
-15780
88
-5884
30974
-13888
88
14152
178
5342
30843
11470
-3359
-16084
88
77
0
-22240
30875
-1
-1
-16040
88
-21713
30842
11598
-3359
29813
-8254
-16124
88
-13408
88
4736
31541
-28767
29212
-604
88
4920
1559
-1
-1
12
0
1
0
0
0
0
0
-16068
88
4920
1559
0
0
24004
180
-9670
31528
0
0
1
0
1
0
-16052
88
-5772
30796
30056
175
-15920
88
0
0
3
0
-16020
88
-564
88
30056
175
-15920
88
0
0
3
0
0
0
30056
431
-15988
88
6080
30799
30056
175
-15920
88
0
0
65
0
2
0
0
0
0
0
-15960
88
-5794
30796
14528
176
75
0
75
0
2
0
-15928
88
1229
30797
14528
176
-15856
88
1
0
2
0
2
0
14528
432
-15896
88
3056
30797
14528
176
-15856
88
1
0
2
0
2
0
14528
176
0
0
1
0
1
0
-15860
88
-5772
30796
-9820
30955
-15728
88
0
0
3
0
-15828
88
4157
30799
-9820
30955
-15728
88
0
0
3
0
0
0
-9820
491
-15796
88
6080
30799
-9820
30955
-15728
88
0
0
3
0
0
0
-9820
30955
-15768
88
6031
30799
-15728
88
0
0
3
0
0
0
-9820
30955
-15740
88
-6152
30798
-15728
88
0
0
3
0
0
0
0
256
-15712
88
28332
30799
-604
88
-15696
88
17726
30974
0
0
34
0
-604
88
